
% Parity check matrix
check = [ 1 0 0 0 0 0 0 0 0 0;
   0 1 0 0 0 0 0 0 0 0;
   0 0 1 0 0 0 0 0 0 0;
   0 0 0 1 0 0 0 0 0 0;
   0 0 0 0 1 0 0 0 0 0;
   0 0 0 0 0 1 0 0 0 0;
   0 0 0 0 0 0 1 0 0 0;
   0 0 0 0 0 0 0 1 0 0;
   0 0 0 0 0 0 0 0 1 0;
   0 0 0 0 0 0 0 0 0 1;
   1 0 1 1 0 1 1 1 0 0;
   0 1 0 1 1 0 1 1 1 0;
   0 0 1 0 1 1 0 1 1 1;
   1 0 1 0 0 0 0 1 1 1;
   1 1 1 0 0 1 1 1 1 1;
   1 1 0 0 0 1 0 0 1 1;
   1 1 0 1 0 1 0 1 0 1;
   1 1 0 1 1 1 0 1 1 0;
   0 1 1 0 1 1 1 0 1 1;
   1 0 0 0 0 0 0 0 0 1;
   1 1 1 1 0 1 1 1 0 0;
   0 1 1 1 1 0 1 1 1 0;
   0 0 1 1 1 1 0 1 1 1;
   1 0 1 0 1 0 0 1 1 1;
   1 1 1 0 0 0 1 1 1 1;
   1 1 0 0 0 1 1 0 1 1];

PSN = 'xxxxxxxx';
text1 = 'xxxxxxxxxxxxxxxxxxxxxxxxxxxxxxxxxxxxxxxxxxxxxxxxxxxxxxxxxxxxxxxx';
text2 = 'xxxxxxxxxxxxxxxxxxxxxxxxxxxxxxxxxxxxxxxxxxxxxxxxxxxxxxxxxxxxxxxx';
PTYN = 'xxxxxxxx';

loper = 1;
AF = [];    % Alternative Frequency vector;
N = 0;     % Number of AF;
PIN = [0 0 0];
MJD = 0;
Y = 0;
M = 0;
Day = 0;
Hour = 0;
Minutes = 0;
LocalTimeOffset = 0;
PI = 0;
PTY = 0;
TATP = 0;
MS = 0;
DI = [0 0 0 0];
Country = 0;
AID = 0;
AGTC = 0;
AF_ON = []; 
N_ON = 0;
PSN_ON = 'xxxxxxxx';
PI_ON = 0;
PIN_ON = [];
TATP_ON = 0;
Groups = zeros(1,32);
PTY_ON = 0;
